  (1, 1) -> 0.040000
  (2, 1) -> 0.023333
  (3, 1) -> 3.3333e-03
  (5, 1) -> 0.023333
  (6, 1) -> 0.013611
  (7, 1) -> 1.9444e-03
  (9, 1) -> 3.3333e-03
  (10, 1) -> 1.9444e-03
  (11, 1) -> 2.7778e-04
  (1, 2) -> 0.023333
  (2, 2) -> 0.066667
  (3, 2) -> 0.040000
  (4, 2) -> 3.3333e-03
  (5, 2) -> 0.013611
  (6, 2) -> 0.038889
  (7, 2) -> 0.023333
  (8, 2) -> 1.9444e-03
  (9, 2) -> 1.9444e-03
  (10, 2) -> 5.5556e-03
  (11, 2) -> 3.3333e-03
  (12, 2) -> 2.7778e-04
  (1, 3) -> 3.3333e-03
  (2, 3) -> 0.040000
  (3, 3) -> 0.066667
  (4, 3) -> 0.023333
  (5, 3) -> 1.9444e-03
  (6, 3) -> 0.023333
  (7, 3) -> 0.038889
  (8, 3) -> 0.013611
  (9, 3) -> 2.7778e-04
  (10, 3) -> 3.3333e-03
  (11, 3) -> 5.5556e-03
  (12, 3) -> 1.9444e-03
  (2, 4) -> 3.3333e-03
  (3, 4) -> 0.023333
  (4, 4) -> 0.040000
  (6, 4) -> 1.9444e-03
  (7, 4) -> 0.013611
  (8, 4) -> 0.023333
  (10, 4) -> 2.7778e-04
  (11, 4) -> 1.9444e-03
  (12, 4) -> 3.3333e-03
  (1, 5) -> 0.023333
  (2, 5) -> 0.013611
  (3, 5) -> 1.9444e-03
  (5, 5) -> 0.066667
  (6, 5) -> 0.038889
  (7, 5) -> 5.5556e-03
  (9, 5) -> 0.040000
  (10, 5) -> 0.023333
  (11, 5) -> 3.3333e-03
  (13, 5) -> 3.3333e-03
  (14, 5) -> 1.9444e-03
  (15, 5) -> 2.7778e-04
  (1, 6) -> 0.013611
  (2, 6) -> 0.038889
  (3, 6) -> 0.023333
  (4, 6) -> 1.9444e-03
  (5, 6) -> 0.038889
  (6, 6) -> 0.1111
  (7, 6) -> 0.066667
  (8, 6) -> 5.5556e-03
  (9, 6) -> 0.023333
  (10, 6) -> 0.066667
  (11, 6) -> 0.040000
  (12, 6) -> 3.3333e-03
  (13, 6) -> 1.9444e-03
  (14, 6) -> 5.5556e-03
  (15, 6) -> 3.3333e-03
  (16, 6) -> 2.7778e-04
  (1, 7) -> 1.9444e-03
  (2, 7) -> 0.023333
  (3, 7) -> 0.038889
  (4, 7) -> 0.013611
  (5, 7) -> 5.5556e-03
  (6, 7) -> 0.066667
  (7, 7) -> 0.1111
  (8, 7) -> 0.038889
  (9, 7) -> 3.3333e-03
  (10, 7) -> 0.040000
  (11, 7) -> 0.066667
  (12, 7) -> 0.023333
  (13, 7) -> 2.7778e-04
  (14, 7) -> 3.3333e-03
  (15, 7) -> 5.5556e-03
  (16, 7) -> 1.9444e-03
  (2, 8) -> 1.9444e-03
  (3, 8) -> 0.013611
  (4, 8) -> 0.023333
  (6, 8) -> 5.5556e-03
  (7, 8) -> 0.038889
  (8, 8) -> 0.066667
  (10, 8) -> 3.3333e-03
  (11, 8) -> 0.023333
  (12, 8) -> 0.040000
  (14, 8) -> 2.7778e-04
  (15, 8) -> 1.9444e-03
  (16, 8) -> 3.3333e-03
  (1, 9) -> 3.3333e-03
  (2, 9) -> 1.9444e-03
  (3, 9) -> 2.7778e-04
  (5, 9) -> 0.040000
  (6, 9) -> 0.023333
  (7, 9) -> 3.3333e-03
  (9, 9) -> 0.066667
  (10, 9) -> 0.038889
  (11, 9) -> 5.5556e-03
  (13, 9) -> 0.023333
  (14, 9) -> 0.013611
  (15, 9) -> 1.9444e-03
  (1, 10) -> 1.9444e-03
  (2, 10) -> 5.5556e-03
  (3, 10) -> 3.3333e-03
  (4, 10) -> 2.7778e-04
  (5, 10) -> 0.023333
  (6, 10) -> 0.066667
  (7, 10) -> 0.040000
  (8, 10) -> 3.3333e-03
  (9, 10) -> 0.038889
  (10, 10) -> 0.1111
  (11, 10) -> 0.066667
  (12, 10) -> 5.5556e-03
  (13, 10) -> 0.013611
  (14, 10) -> 0.038889
  (15, 10) -> 0.023333
  (16, 10) -> 1.9444e-03
  (1, 11) -> 2.7778e-04
  (2, 11) -> 3.3333e-03
  (3, 11) -> 5.5556e-03
  (4, 11) -> 1.9444e-03
  (5, 11) -> 3.3333e-03
  (6, 11) -> 0.040000
  (7, 11) -> 0.066667
  (8, 11) -> 0.023333
  (9, 11) -> 5.5556e-03
  (10, 11) -> 0.066667
  (11, 11) -> 0.1111
  (12, 11) -> 0.038889
  (13, 11) -> 1.9444e-03
  (14, 11) -> 0.023333
  (15, 11) -> 0.038889
  (16, 11) -> 0.013611
  (2, 12) -> 2.7778e-04
  (3, 12) -> 1.9444e-03
  (4, 12) -> 3.3333e-03
  (6, 12) -> 3.3333e-03
  (7, 12) -> 0.023333
  (8, 12) -> 0.040000
  (10, 12) -> 5.5556e-03
  (11, 12) -> 0.038889
  (12, 12) -> 0.066667
  (14, 12) -> 1.9444e-03
  (15, 12) -> 0.013611
  (16, 12) -> 0.023333
  (5, 13) -> 3.3333e-03
  (6, 13) -> 1.9444e-03
  (7, 13) -> 2.7778e-04
  (9, 13) -> 0.023333
  (10, 13) -> 0.013611
  (11, 13) -> 1.9444e-03
  (13, 13) -> 0.040000
  (14, 13) -> 0.023333
  (15, 13) -> 3.3333e-03
  (5, 14) -> 1.9444e-03
  (6, 14) -> 5.5556e-03
  (7, 14) -> 3.3333e-03
  (8, 14) -> 2.7778e-04
  (9, 14) -> 0.013611
  (10, 14) -> 0.038889
  (11, 14) -> 0.023333
  (12, 14) -> 1.9444e-03
  (13, 14) -> 0.023333
  (14, 14) -> 0.066667
  (15, 14) -> 0.040000
  (16, 14) -> 3.3333e-03
  (5, 15) -> 2.7778e-04
  (6, 15) -> 3.3333e-03
  (7, 15) -> 5.5556e-03
  (8, 15) -> 1.9444e-03
  (9, 15) -> 1.9444e-03
  (10, 15) -> 0.023333
  (11, 15) -> 0.038889
  (12, 15) -> 0.013611
  (13, 15) -> 3.3333e-03
  (14, 15) -> 0.040000
  (15, 15) -> 0.066667
  (16, 15) -> 0.023333
  (6, 16) -> 2.7778e-04
  (7, 16) -> 1.9444e-03
  (8, 16) -> 3.3333e-03
  (10, 16) -> 1.9444e-03
  (11, 16) -> 0.013611
  (12, 16) -> 0.023333
  (14, 16) -> 3.3333e-03
  (15, 16) -> 0.023333
  (16, 16) -> 0.040000